47112839301
47378736650
46955171850
46266228620
47768811535
46966002063
47136339857
45531376530
46991556242
47149866003
47149346199
45678561307
40009824284
46462009245
45459881757
46410072222
46821984544
45665322273
45465879838
47329353508
47325265961
45844679980
46964634030
47198614321
47194146225
46426702389
46746263733
7900369462
47342504129
45779568449
44557324356
47114566983
46945892680
45890875467
46763029203
46111608793
47340288347
47344952032
24831377121
47553920233
47118886635
9246947822
45433699054
44930716796
46757245949
47315475070
